image: /home/amr1-l300/catkin_ws/src/launch_pkg/map/map2d_15_18_5_10.pgm
resolution: 0.050000
origin: [-6.000000, -8.200000, 0.000000]
negate: 0
occupied_thresh: 0.65
free_thresh: 0.196

