image: /home/amr1-l300/catkin_ws/src/launch_pkg/map/map2d_16_43_7_10.pgm
resolution: 0.050000
origin: [-6.950000, -9.450000, 0.000000]
negate: 0
occupied_thresh: 0.65
free_thresh: 0.196

